function col = cubelabelmap()
% col = [129, 222, 96] / 255;
% col = [0,0.6,1];
% col = repmat(col, [22, 1]);
col = [
    44, 152, 243;
    211, 247, 71;
    211, 247, 71;
    129, 222, 96;
    254, 210, 105;
    228, 240, 224;
    242, 163, 85;
    181, 170, 193;
    111, 111, 111;
    211, 247, 71;
    129, 222, 96;
    211, 247, 71;
    129, 222, 96;
       ];
col = col/255;
%    
% %    col([16,22]',:) = col([22,16]',:);